1043
1020
1024
980
1045
994
1026
977
972
990
939
1010
967
986
1001
981
949
1025
986
1026
985
1024
1012
985
999
965
1024
1008
949
956
1008
1004
988
1006
958
981
974
998
999
986
1035
1004
988
1005
1004
1009
1030
971
972
1003
1030
1002
994
970
983
997
979
1041
1037
1044
945
956
986
1007
944
1010
1035
1042
1000
966
984
1010
999
1011
968
1021
983
987
947
974
1014
1049
1013
979
954
973
1009
981
1023
1003
1010
975
1026
925
985
1031
992
1006
990
1015
984
963
1070
1017
991
1022
962
967
955
987
1032
976
1013
974
998
1073
1000
977
1020
1043
937
986
1025
1019
1018
937
1052
1030
979
956
1017
1005
1067
1003
997
954
1020
1040
1030
971
1004
998
1037
990
988
968
980
1004
1002
1022
968
1047
974
961
974
967
1012
1021
1013
972
983
994
962
954
1068
997
1005
1040
974
1014
972
969
991
1023
975
1008
1014
973
1034
1001
1018
1030
1011
974
977
1010
971
1024
1002
1016
1064
1021
1008
1027
1001
1024
991
971
960
1056
977
995
968
992
991
1012
962
1027
1017
1001
991
1023
1003
968
1012
972
1001
1057
1017
1027
949
1008
999
996
982
1004
1015
1021
1011
961
982
981
955
985
951
1044
985
972
998
946
996
1016
1000
1025
977
1019
1023
948
992
998
1045
993
1011
1031
994
1014
980
984
1013
988
973
981
993
1005
982
1028
997
1004
1017
984
982
1038
1029
959
957
963
970
1027
1030
981
994
970
1028
971
1001
989
1025
1027
1043
957
968
979
980
1039
990
955
1031
994
996
981
1002
976
1043
1000
986
992
1008
979
1001
985
987
927
994
994
1100
1031
991
992
1009
956
964
1043
992
1004
1005
961
956
924
1026
999
1004
963
1045
1006
1025
984
969
997
1025
987
1028
981
932
977
996
990
1034
1003
1000
1024
1003
926
938
1020
996
980
1054
998
1012
967
1026
957
982
993
1016
1021
1033
997
1044
1005
986
960
947
969
992
992
1031
1007
1000
954
1015
1031
1030
994
1011
983
990
1021
1004
1004
990
935
1016
934
1050
978
961
1009
1002
984
1020
991
992
1042
1003
968
1011
997
1027
1021
997
983
994
1019
1003
1049
1004
988
1026
973
970
986
994
1061
1014
965
1086
1012
987
968
1017
1014
946
1015
1007
1011
984
1009
1042
1016
1003
998
1004
960
970
1021
1012
1044
999
997
996
970
965
1036
976
986
1083
964
977
989
965
986
983
1043
963
1021
945
1011
995
1053
1026
990
1009
1002
999
986
982
961
991
1003
959
1036
995
1012
1019
1032
986
982
988
1068
982
1000
972
1010
960
992
1034
924
958
1023
1001
963
994
983
996
1025
1003
1017
972
999
975
979
1063
1023
1015
992
1055
971
1018
974
1041
1023
970
995
1023
989
974
1028
980
1005
1005
976
1014
1018
1025
1002
987
1024
1023
956
984
1020
981
1019
994
1019
1020
998
970
959
1038
998
1010
982
1001
1032
977
980
1021
1021
1001
1021
985
970
997
998
1004
1003
1005
945
998
1065
994
1064
1045
1047
1005
984
1028
1019
965
1038
1009
1021
1052
974
981
1000
973
998
1000
975
1004
983
1026
1007
964
962
968
991
992
998
992
1008
1000
1013
993
1041
1024
1000
1026
980
1019
1019
977
1039
963
977
948
949
997
982
988
996
986
1031
968
1032
975
1004
1009
979
1001
976
964
973
1011
961
1014
1007
952
1034
938
1013
1021
996
1010
969
1015
982
989
971
1006
945
994
1019
998
1000
1001
970
1050
933
962
1005
1021
1030
998
1006
1014
1018
982
1035
1046
1035
915
1041
992
1042
1011
979
1022
1008
969
1031
984
972
1023
927
1008
988
969
1001
972
1051
977
1021
1008
969
1017
1022
1028
1016
980
991
937
999
992
974
1041
976
976
953
1007
1001
979
946
998
1051
977
979
1060
1016
1027
980
979
1039
1007
984
933
990
996
972
979
1015
1033
1000
1011
985
963
1056
975
1006
1018
1008
973
999
999
1028
997
1023
1009
972
1010
1037
1008
1006
953
1008
1008
1045
975
994
974
1012
1045
965
1028
1026
981
1007
998
997
1029
963
994
1023
981
934
1030
995
1026
969
966
999
990
981
1005
993
982
1011
974
976
988
987
1047
940
1031
966
977
990
1004
1003
989
1036
996
966
978
984
988
1028
1018
1005
1045
961
1057
1017
1031
1028
997
940
1020
1062
1046
1006
1010
979
1010
1025
998
1059
970
1034
962
982
1013
1023
1001
975
971
971
1023
1049
998
985
955
971
964
973
1014
986
1006
1014
1009
1020
1004
985
996
1033
1011
981
1004
1007
1004
1025
1000
1024
1040
1013
962
1033
954
991
965
1006
1036
1002
963
986
996
991
1041
1043
1027
1019
1006
963
953
1014
1006
999
1020
948
982
1023
1025
956
1011
970
967
943
1036
1045
990
949
1019
995
971
990
919
995
996
1001
971
1004
1014
984
993
952
1007
1009
1006
961
1066
1028
1019
971
1025
1011
997
1037
957
995
1005
1015
969
1037
1029
970
956
1025
946
1010
1034
1016
1014
978
1057
1005
987
1002
1023
981
932
975
952
986
1013
991
1014
1003
963
1014
1048
1018
1011
995
1007
998
945
968
1012
985
966
993
1000
935
913
1014
949
1015
997
996
1037
963
1020
973
1025
959
1046
1022
1028
979
993
1001
991
1022
1024
953
964
1024
981
1013
950
985
1024
982
1011
965
1025
972
966
968
990
950
1078
1004
961
975
970
1047
1004
1027
1010
1035
1027
969
1018
950
1040
1049
1027
1000
978
999
984
974
1044
1040
975
982
1002
1008
982
998
1019
971
974
1008
983
954
1004
1030
1002
979
1003
995
1021
1014
1015
992
1013
993
975
968
986
1001
952
983
1002
970
992
1024
983
989
995
986
993
1031
978
944
952
1057
1010
972
1002
962
1017
1021
1043
980
1061
1033
990
942
972
1008
993
1032
998
989
970
1016
987
966
988
984
1008
980
968
933
987
1011
1031
987
991
1046
1011
1041
1016
974
973
949
1065
939
1002
953
1029
985
1018
994
938
994
962
1043
963
972
1021
971
976
988
1002
976
1038
977
939
1007
1014
1018
991
1020
996
974
997
977
997
983
976
979
1060
1050
996
995
1073
1003
1006
972
956
985
989
1007
993
1014
973
980
995
993
1017
982
989
1017
1031
1028
1015
983
1025
1008
976
987
1046
1032
980
1033
976
981
1008
998
1008
989
1031
967
1058
1012
986
1060
989
971
985
992
989
1037
989
1054
995
1035
941
974
967
1031
994
980
1026
1004
1042
982
1009
1009
992
1022
1027
1065
994
1021
1018
1012
1033
1027
1005
982
984
1007
1014
1025
1002
994
1025
1022
1012
981
1004
1023
1027
970
996
978
1019
981
1001
948
944
992
986
944
991
985
978
990
921
976
1001
1031
954
1017
972
1005
1045
987
981
1027
982
1028
968
980
947
1026
993
1000
976
1009
1024
1023
985
1047
1021
1023
995
981
979
1011
1026
1018
991
1027
1024
1019
942
1028
981
984
945
1034
984
983
1014
1026
962
1003
1048
1043
953
980
1024
1030
978
971
1020
1025
1037
1031
981
1027
1055
1031
1032
992
994
1003
975
1017
1036
981
987
1034
1017
989
996
988
1046
986
997
1035
1058
1028
973
979
1048
978
1001
1011
1051
946
1003
968
997
992
1000
980
960
987
976
1014
973
1068
964
1023
1026
1047
977
966
984
1022
1004
964
1000
997
1052
1025
1081
1023
974
1001
940
955
989
1020
1033
1012
1009
1003
1037
1005
959
945
1022
998
1006
1057
1011
987
991
1034
989
986
1036
972
984
1009
1006
979
984
1010
981
990
1009
976
1001
1013
983
991
1055
932
937
982
973
1026
1039
977
981
1018
1000
1013
957
990
927
1009
1003
992
1026
988
974
976
1052
981
999
1002
975
1020
1008
1014
1009
971
989
980
1078
975
991
941
979
1009
968
964
1026
1002
1037
951
995
1003
988
1020
981
968
1005
935
1047
970
1081
993
1019
1016
1023
1004
966
1009
1013
1034
971
976
984
980
1010
945
991
1000
980
1009
984
1096
958
994
1013
984
1060
987
1038
953
1016
1029
1027
974
1008
1033
995
1017
1006
1003
1005
1001
988
998
983
998
1008
1046
1037
987
1069
998
1009
986
968
1053
1002
1036
967
1006
1007
953
981
993
986
953
994
1020
1001
988
1063
1025
1016
960
973
1020
1037
958
1002
966
977
993
1015
993
980
976
993
1082
958
988
987
1007
988
1024
948
1009
980
953
980
980
1025
1021
983
949
1014
1022
1021
993
995
974
961
971
974
956
965
994
986
978
1011
997
983
968
1009
991
983
994
993
994
1051
1011
1010
997
1026
965
1015
1008
958
992
961
1024
965
995
976
989
965
996
992
998
970
983
1020
988
1052
1001
980
981
1054
1027
985
1021
984
953
1011
1019
987
982
994
1054
986
954
962
979
1031
1037
1006
1004
982
1024
989
961
983
976
996
979
999
995
958
1024
1025
947
982
1018
1020
1006
1045
988
1028
997
1069
1029
1004
1030
998
1008
993
998
1005
1019
988
1003
969
1013
996
989
967
1004
965
984
1014
955
1017
961
1006
1015
966
1013
952
1029
993
970
1019
996
972
993
999
1027
972
987
1045
1015
1059
1017
1028
1041
989
1029
996
975
1057
991
1028
1014
977
1000
1032
989
992
1028
974
1003
980
982
975
1017
1011
963
1030
1030
1005
996
1003
992
973
1003
1012
985
997
1008
1002
983
971
1010
971
983
983
996
1015
1040
948
1032
998
1023
974
981
1030
954
1016
985
997
981
949
991
988
993
1003
991
1018
996
992
1009
1019
983
1007
1014
1012
1026
1004
960
956
970
1004
987
1049
1028
1027
934
951
956
983
996
970
1046
1008
963
978
981
1030
1001
1038
990
1014
1006
1001
1002
1033
1054
981
1000
1014
994
965
1036
1031
970
997
1034
990
1011
975
996
1021
996
1015
1019
942
952
996
986
1002
1001
1042
997
985
987
987
1004
999
975
982
989
1035
1010
1016
982
953
974
974
1046
1037
1016
1032
1051
991
995
979
1043
998
984
1012
958
977
996
999
979
996
1020
970
1023
1042
996
1009
1001
968
962
1000
1005
966
1016
959
981
947
1036
988
985
1008
1009
1001
989
1012
1015
1016
1052
972
1001
1046
1006
1011
1011
1013
962
1009
1048
983
997
972
969
983
976
989
1015
1007
1037
981
1032
1003
958
1025
1040
1022
995
976
993
1033
952
988
974
965
1015
1026
946
982
1015
1022
988
987
1012
1028
984
982
984
1041
990
1044
1035
944
999
1003
999
1051
969
982
993
994
951
1001
1005
1042
1006
1007
971
953
1020
1023
1001
1047
1007
997
1080
965
999
1013
1006
997
1046
1017
977
1051
966
1005
1006
985
986
998
980
986
977
1034
938
993
976
1009
990
996
986
1010
1029
942
967
1007
975
1032
983
980
1020
981
992
1027
973
1057
979
975
1016
971
992
1037
1005
997
1031
1018
968
1017
973
1020
1012
1016
1091
975
1003
979
980
987
1030
1025
1025
975
996
985
1000
983
1033
1023
1024
1013
972
998
994
1025
973
1007
1023
1030
1002
980
977
997
981
991
989
991
994
1024
1007
995
1012
948
972
1023
1048
997
1006
927
995
1007
1016
994
1040
1031
1008
1013
1013
975
954
998
962
1016
956
1022
1007
940
992
1021
1029
928
1036
1033
1024
1011
995
993
984
998
1050
996
1023
1011
992
1027
1039
981
992
996
1007
973
1004
1010
1018
1071
996
976
1035
997
1017
964
1007
997
1052
1015
1024
1024
1046
1016
947
1023
966
1022
990
952
963
1009
974
995
1037
1057
1008
1064
988
1029
1004
1011
996
984
1004
1015
992
1013
964
1013
939
1003
967
1022
1010
1021
1030
969
972
978
1049
1037
999
978
1002
1065
971
1038
996
983
995
976
969
953
1018
984
979
1040
998
997
979
1007
1069
961
984
977
1018
1036
1001
987
1066
948
1014
1047
984
978
1017
1041
965
1014
990
1067
982
980
1004
961
1070
981
984
1033
1023
991
1024
998
999
999
1019
982
999
979
974
1032
983
1030
972
977
1007
932
1018
969
998
986
1001
983
1025
1009
995
1027
1038
1019
1021
1012
956
989
1037
996
931
1001
989
1008
1030
981
1000
1034
1062
1008
951
990
1014
939
1009
1043
1028
977
958
935
1004
1009
1057
1002
1011
991
982
1049
1040
976
924
978
1018
1016
998
998
990
1048
988
1040
1013
1025
994
1062
1001
1018
982
964
968
984
971
1031
1035
966
1019
1010
935
993
1043
991
1014
999
1014
1030
1039
1005
1018
1013
956
987
1002
980
1070
1012
995
1035
956
1017
1024
965
984
1024
996
1019
1001
986
995
1004
949
1051
1033
991
976
988
1024
1033
995
1037
1008
950
988
989
993
978
1042
1064
1015
992
1007
1002
960
1032
1020
1010
1035
997
1004
956
1033
972
1037
992
1009
1043
1000
1004
1025
966
1013
993
1035
1012
1010
1044
999
1012
924
1027
1041
1012
1049
1049
1033
1000
1034
1027
1029
1024
953
992
981
985
1021
1030
1019
1034
970
1018
1045
976
1000
938
996
973
955
991
1048
998
1013
1015
1004
1033
973
974
1028
1002
993
1010
1004
1011
1014
985
1029
1021
989
1019
1028
990
952
1028
1001
1048
970
992
1005
985
1031
1010
1012
981
995
1015
1006
1009
937
987
1012
1030
1036
1031
989
997
979
1011
973
968
1029
1059
978
1019
994
1017
1008
1020
968
938
1039
1047
997
1008
966
1008
1000
973
956
1016
984
1005
990
1022
1035
1004
1043
978
1035
986
1013
1018
959
955
978
1018
935
1061
975
991
990
1016
981
981
1065
996
1004
1075
975
1026
1015
939
981
1014
985
981
979
991
990
978
996
1028
984
1067
1004
923
1012
987
1032
988
1005
1037
984
1003
1007
956
997
991
937
964
989
1053
1023
1022
994
964
1032
1002
1033
1025
952
997
1030
1041
982
940
1013
967
1068
1028
991
1026
974
1003
1023
966
990
1021
972
1025
979
1019
1010
1040
1006
982
1060
974
969
970
957
1043
979
963
961
1020
1017
981
995
982
1021
977
912
999
958
989
972
1023
1013
1029
956
1003
1019
1034
1060
1040
983
1000
1035
991
993
981
960
1022
1046
1001
1003
977
986
1010
963
973
1021
1045
996
1043
955
1023
975
926
964
1005
980
1020
991
933
1022
1033
1033
1025
1002
965
954
970
930
996
995
1010
1069
973
971
1025
1040
950
1038
1003
978
1022
976
1003
1019
1038
1024
1016
985
973
1000
965
993
977
1021
946
951
1016
1013
1019
1038
1025
1032
1008
965
969
976
1030
982
977
1056
960
988
1003
1007
999
1034
1028
1014
947
1007
1033
1046
1006
1009
1010
1002
978
989
1034
978
987
993
1007
1055
1005
988
970
1015
985
995
980
949
1017
1016
1023
973
1021
1061
1008
1030
1018
998
1028
999
1008
1002
930
1034
981
960
1000
999
996
966
947
976
990
994
1015
987
1026
986
972
1022
980
1008
1033
1018
1033
1049
999
1039
938
998
979
986
1036
1008
975
1011
962
961
993
1021
973
982
994
1034
989
990
964
1043
1017
1015
1004
1036
1031
1022
1022
1009
925
963
966
1051
974
1023
975
982
1046
976
960
985
977
1014
1003
989
996
1039
1005
1051
1007
1004
1005
974
1032
965
990
1002
970
968
959
1006
1001
1021
1001
1018
1005
987
966
967
976
1011
975
1021
954
1015
1020
1041
1013
993
1002
1012
1005
978
971
992
1012
997
965
987
1032
1007
1019
1033
965
996
956
1002
987
1011
1037
997
972
960
990
1064
1021
1021
998
983
1064
1009
975
1029
1027
1007
967
996
1006
992
1004
977
1015
1019
989
1065
984
1046
1029
968
990
999
1001
997
1028
983
1081
1002
1005
948
979
988
999
1026
977
963
1000
1035
959
985
972
1008
1026
987
1031
995
993
1007
995
983
985
989
1049
1012
990
1010
966
1020
973
991
986
1015
988
982
1049
973
984
971
983
972
1021
1026
988
1002
1044
982
951
1038
997
994
997
1014
1016
1010
970
989
926
995
965
1025
996
1029
1015
982
1042
985
958
998
1000
966
1000
1010
977
991
1029
1006
1037
1037
991
980
1035
985
998
995
969
1013
1032
966
953
1026
1032
1005
999
1001
971
981
990
972
1018
1000
1011
960
1013
1002
980
973
972
985
986
1000
959
934
1000
980
992
1056
957
1050
1019
990
996
1033
966
1006
1029
1028
999
1003
1042
999
1054
952
1016
1023
974
1081
967
977
995
1016
1014
995
996
980
950
966
999
1006
1006
1042
1017
1003
960
1038
1023
984
936
977
1006
955
992
936
967
982
1014
1008
1025
1002
997
936
969
999
982
981
980
984
1049
1009
985
1022
1036
998
1029
946
997
1057
987
1002
1049
1026
994
1028
1024
1004
959
1031
999
981
986
1013
991
1040
1019
1016
977
994
1010
1039
981
977
997
1044
952
971
990
939
1035
1009
990
1023
990
979
992
967
1016
1016
1018
1050
1014
942
1023
957
1029
986
1069
1017
1051
1021
1007
964
970
1049
983
960
991
1009
1051
1071
980
1048
1010
1022
1043
1014
980
1046
1006
965
1082
983
975
998
993
993
985
993
970
983
997
1031
973
980
1006
965
1036
1061
955
994
1047
1076
922
1003
1080
972
1024
975
995
967
963
1004
1037
957
1010
999
1019
1025
1006
1031
987
980
1045
1017
982
948
985
989
963
994
994
1024
1012
962
998
961
1002
993
997
1022
984
1000
982
1017
1003
986
1066
1009
993
1002
1038
1015
1011
1022
986
1001
1000
1028
972
992
1059
991
1022
1027
1027
1032
986
990
1016
975
1009
998
1012
971
996
1031
1043
997
1035
976
1014
980
976
1022
969
1028
968
966
972
1039
999
994
986
999
1027
986
1008
1016
988
1009
931
1010
1001
978
1023
989
1006
981
1038
1009
989
1039
1033
977
1012
1021
990
973
1021
1014
1004
959
998
995
1001
975
991
990
1027
1038
999
967
976
997
1010
1028
1030
1001
965
1016
969
995
1012
996
994
1012
968
975
969
967
980
1038
998
948
1015
993
979
913
1026
983
1043
1007
998
1011
977
1034
959
976
991
1023
1052
1030
1026
975
982
973
1017
984
1038
984
949
991
954
1055
987
1047
983
976
1003
924
988
1001
1001
1026
994
1025
1019
948
977
981
956
1019
1012
1044
1003
1017
1026
1027
1006
994
993
1019
962
991
1038
1040
995
977
1022
969
964
993
993
986
947
1039
1000
1016
1024
983
980
1048
969
965
999
1008
988
1031
982
986
1018
998
982
1001
982
969
999
956
991
1018
962
1018
992
974
999
950
1016
1009
1002
1033
1043
1019
953
983
1017
1013
986
1013
1000
985
1034
1015
977
967
970
996
1014
1010
970
987
1008
1051
960
1031
972
962
1021
1000
984
1005
1009
1003
986
1009
986
1030
1029
991
994
993
1045
1004
1011
974
1013
967
1049
995
1002
995
1006
995
1039
1008
997
1046
1003
1043
997
1008
1001
1032
1015
1006
1026
1009
1006
1024
1034
1035
1076
1023
1012
1010
1027
1008
1023
993
1006
1041
995
1014
942
983
954
990
1010
973
981
1006
968
981
1019
1011
1007
981
975
1029
1060
1013
958
980
947
989
1039
913
981
1027
967
1010
1008
958
985
982
1009
1017
994
925
998
1006
1048
944
951
1031
1029
987
969
1043
977
1006
970
1018
1013
992
1014
1022
990
987
978
1013
974
1005
977
951
1039
1033
1012
978
988
942
1032
996
960
1009
985
1042
940
966
1009
952
982
993
1067
1021
1010
1019
950
1006
976
1003
1025
1042
1025
1034
1019
951
971
1048
1002
974
1020
1009
1007
962
1007
1002
1002
990
978
1038
1064
1014
1028
1040
993
1004
1013
948
1006
996
1005
950
1019
972
976
1006
1057
963
1003
992
936
1025
1054
1025
1001
1012
998
963
1004
963
1014
989
1054
982
977
1046
1028
963
1021
1005
971
1006
1020
1000
1024
993
1011
1021
1037
1027
1007
939
1021
1012
978
990
1028
1030
959
990
1064
1013
1004
995
977
998
917
962
998
1016
1017
981
965
1017
1044
1027
1008
996
978
1011
980
1028
987
1045
961
989
987
1024
971
990
1047
989
1049
990
1061
1004
941
1044
970
1006
1026
1001
1014
983
998
1007
1008
1016
1012
996
1055
969
1021
1008
1017
973
992
1047
992
998
1030
1012
1013
989
991
1024
1022
1005
994
985
975
1069
1000
981
1016
1006
1040
1043
1060
1003
954
998
1016
971
998
1001
974
993
1019
1032
1010
1005
998
1013
995
1053
1018
952
981
1003
1008
943
991
938
998
997
1023
995
980
997
1009
933
971
962
1008
962
991
959
1039
1009
1007
999
980
959
998
1030
957
1019
1029
1036
995
1027
1043
988
1015
1010
1018
996
1015
995
987
1038
962
986
949
986
1008
995
1022
982
1029
1000
1046
1027
1041
1002
1025
970
999
991
975
994
959
983
1010
980
998
1006
985
1024
1054
1005
946
971
977
990
1003
969
1025
990
993
1006
1001
984
1030
995
1011
982
1015
965
969
1061
1040
994
1029
1025
965
1000
1004
972
978
993
1014
949
1000
994
1018
1005
950
983
960
963
979
1014
1011
1043
984
1023
998
991
1047
991
1004
962
989
974
1026
1051
959
996
999
993
981
1000
1020
982
998
979
1012
967
1044
1062
1000
986
1012
979
1018
981
953
994
1010
995
984
997
987
1001
1026
1006
1023
1006
1052
998
989
1008
1042
1003
999
931
982
1005
959
971
945
972
1002
994
986
1012
1010
956
1057
990
1004
989
987
1021
993
1017
968
1005
974
1005
990
996
1026
976
983
1041
944
992
1019
1016
1026
978
952
991
1040
1044
1036
992
1000
999
985
1049
1021
1004
977
982
1029
992
988
979
1026
983
1004
1002
970
993
967
977
1005
1000
1043
1053
970
980
1010
1021
990
995
1016
1019
1008
1006
950
991
1054
1030
1041
1012
1023
1036
959
984
999
1009
979
955
1025
1026
1029
1001
1017
1023
999
1018
1011
1006
1022
972
984
972
992
1042
1021
976
1035
958
1029
1007
995
985
959
982
1026
1024
967
902
997
1030
1019
1013
960
988
977
1009
990
979
1028
964
1003
1010
987
1026
976
972
1009
1020
935
1030
999
991
967
972
973
1016
984
1005
1035
981
1026
999
1040
980
974
979
959
1060
1027
992
1013
990
964
1008
935
991
1059
997
1052
997
966
974
994
996
1002
1009
1032
1018
964
979
1026
1053
989
1010
1059
1019
1003
1004
945
983
1047
1006
1002
1018
999
985
973
1037
1056
984
1015
961
954
1001
990
985
959
1015
1004
951
1042
959
1004
1018
965
1004
997
1029
1047
1009
978
1025
987
953
999
1045
1022
972
1048
1022
941
1005
985
982
990
985
1033
1027
978
986
948
1014
1005
990
1002
1003
950
1008
1037
1025
1015
923
1019
1029
1007
1005
1031
982
1023
981
967
974
965
1042
1071
1076
1001
973
1028
1011
962
980
969
997
956
1011
988
1034
998
1004
981
974
999
968
1012
984
1040
997
1011
1021
989
991
1024
1010
1020
1037
972
1000
1013
1010
1020
1045
995
1012
1029
1015
998
1015
962
968
991
965
999
981
946
985
1015
1027
1005
1001
1008
999
989
975
993
1003
1047
1003
959
942
987
982
987
1017
969
978
1019
1028
1044
997
1009
998
963
1070
1002
1006
920
1039
995
917
1014
967
984
1052
1024
986
1004
1008
991
1037
1008
1018
973
1013
986
1032
987
1043
1027
1012
1005
989
993
983
990
1015
1015
1024
1015
1039
943
992
1015
986
934
988
1017
1006
1009
971
1028
946
1013
952
987
1019
982
920
1031
978
995
956
984
1009
939
1037
998
1065
969
967
1029
1012
1017
1010
1001
987
1036
984
1000
1034
1002
1011
1032
947
975
985
1002
979
1013
1005
986
991
1001
1014
1026
959
999
995
1018
1028
1013
954
977
950
966
1004
987
1000
996
1033
978
1007
1038
980
973
999
972
1021
1016
1029
1016
977
977
1015
1012
1047
1008
1031
1030
1002
981
1054
978
977
993
994
942
964
1012
990
1005
1030
937
967
1002
1025
980
1027
966
1068
1028
1017
940
962
983
969
1027
933
1021
1008
1012
984
1004
985
980
1004
937
1046
1012
1039
985
983
965
1007
992
1059
1068
1045
999
1008
966
1024
1016
955
1035
1076
978
1012
965
984
997
977
949
952
1030
991
966
1065
1026
985
998
994
982
1006
1000
994
973
975
1034
1027
1047
1020
989
939
987
974
990
1059
1013
1038
1038
1018
1019
977
996
1007
1016
956
967
994
979
1024
1012
1014
1031
1018
972
1061
959
1017
988
1029
1054
998
977
1006
1018
1012
989
975
1028
978
987
999
987
973
1008
931
945
993
1002
1003
998
1030
1009
988
1025
1061
1038
1044
1014
999
961
997
1031
1022
1029
1027
1025
1027
1011
1004
956
996
937
985
999
1007
961
970
1063
1022
1014
963
1027
973
953
1055
994
992
968
1041
980
1027
1034
1006
981
1001
977
1019
1035
1000
993
1019
1003
1005
985
985
1007
999
1024
951
1051
1012
1016
1024
1019
1046
1041
976
1005
1004
987
1022
1039
990
1034
992
1029
1020
966
1057
948
1005
997
933
945
1002
1047
1009
995
1007
974
1021
984
1001
970
1041
1012
964
1034
1024
991
993
1000
1031
992
996
1032
992
999
1012
970
1043
1006
989
994
947
1006
969
955
1013
987
1029
995
978
983
998
1009
1018
932
1018
980
1006
969
1020
1024
1007
968
1007
1046
995
1023
965
980
1041
1010
969
939
1008
1023
1048
965
1021
957
1017
988
969
992
1018
946
964
1020
1001
996
958
998
1015
1041
1013
988
1062
1010
1022
1003
982
1031
989
989
964
1002
974
994
1037
978
973
978
1021
1022
1034
997
1015
993
1023
1010
995
1020
972
970
1007
1031
1006
987
1036
1061
1016
990
964
955
1001
990
947
1015
1007
958
1006
968
1047
940
970
967
988
951
996
979
976
993
1029
1007
936
973
928
1025
952
976
1006
960
1014
969
1028
986
1018
995
1020
1030
1047
988
967
968
973
970
1048
1000
966
965
1005
998
999
1026
1045
1031
994
1007
998
991
1010
996
953
987
986
984
995
991
1033
979
1037
965
970
980
1041
922
1004
996
1001
950
990
976
1047
1016
982
969
1004
1029
1018
1001
1008
968
1013
1014
975
957
1022
1061
985
956
969
1025
995
989
1015
983
1000
978
1019
982
1039
958
1042
991
959
990
1016
1024
936
1035
1008
975
993
991
1002
1016
1044
1059
973
946
995
988
963
1012
1054
1013
1019
1010
1038
988
954
1026
963
993
994
1011
983
1013
1006
1008
1013
1015
1004
982
978
987
978
961
999
996
983
1027
999
1005
1001
994
1003
1043
1031
963
967
1005
934
993
1027
1014
1052
995
969
1060
976
968
1027
987
976
974
1036
1026
1023
948
987
972
990
967
1003
1001
996
974
1038
987
1022
975
1062
1034
963
1015
949
