978
1019
987
1010
957
991
931
987
1014
1028
1024
1044
1000
1004
1009
976
978
997
1015
1054
1004
943
998
993
989
1028
988
996
1010
1021
977
993
979
983
1010
980
1016
1035
977
984
956
981
1003
1027
962
998
967
984
985
1026
1007
999
989
995
994
983
945
964
952
996
998
996
975
982
998
1003
980
994
1005
998
1029
1017
975
1001
989
1029
993
984
1023
999
971
1015
981
1002
1032
971
991
1012
971
973
1049
976
1013
1015
1037
979
978
1022
1044
1024
991
966
1046
1015
965
1028
1010
996
988
953
1013
984
1005
1016
967
1028
988
997
1018
986
1014
976
1006
946
1005
1010
995
964
997
1044
976
1010
990
990
986
996
1030
1015
987
996
999
1006
1048
989
1001
1030
983
991
992
989
999
976
1004
963
1009
987
985
993
1015
997
1016
1027
1038
1014
1042
982
1035
996
1024
1002
1062
1004
964
989
965
987
968
943
992
1022
1010
955
940
980
1013
1009
1039
981
1013
1006
1034
1004
1003
1014
966
1029
987
1044
1017
1017
973
972
1016
1039
958
993
977
1013
960
1040
1033
1033
943
1012
1007
982
993
1010
990
981
1013
1005
979
994
1009
1025
995
1002
980
1015
991
992
967
1029
975
1012
1000
1046
937
1003
988
978
996
986
998
979
968
959
1035
961
983
1025
1012
933
1009
997
990
1038
966
983
1026
1006
980
917
1005
1006
1066
1006
1020
1006
967
1010
994
1003
1075
1026
999
984
1023
988
1033
1002
1011
971
1021
961
1001
1017
987
994
1017
1008
981
986
1027
1007
967
978
991
1011
986
983
967
1030
1050
1030
1003
1034
965
1028
1013
962
974
1032
1040
978
1023
1019
1012
955
991
1007
980
978
966
986
988
982
1020
1000
1039
965
1017
997
951
990
1026
986
995
970
992
994
1033
1035
1005
1008
994
962
1002
1017
1053
1037
1019
970
972
1002
1012
1065
932
1027
1011
1017
932
974
1007
1034
951
1031
972
1013
1024
1041
1003
1039
1002
972
1006
1041
989
1014
978
968
1028
1007
1069
980
1032
955
1028
982
1006
994
993
981
984
973
1030
1006
1025
1030
954
976
937
965
1002
1040
963
953
1001
1014
1030
984
1023
1038
1038
1002
985
1005
980
1021
1011
948
1036
1000
969
970
925
1015
1091
985
1017
1020
1014
1037
948
1020
927
973
1027
974
1048
989
1042
1010
1011
1020
996
977
1030
1039
956
1026
1027
999
1012
1033
981
1009
1032
985
975
992
954
1022
946
1032
1040
1016
1030
957
947
989
1030
966
1022
962
998
1018
991
1021
985
1002
987
990
1049
953
993
1016
1016
997
1002
990
981
1048
997
946
1023
987
901
981
984
985
1024
1054
936
1022
1022
1005
981
1009
1009
1005
1018
965
1012
978
1017
972
993
1007
1023
933
1038
1001
1028
1000
1064
993
1020
1032
1020
969
948
1003
1004
1070
1014
1061
1027
1015
1013
1001
1013
999
944
1014
954
994
1006
1033
1036
1055
960
988
986
931
1015
962
993
990
957
976
1066
983
972
1029
995
1011
1011
1020
992
997
971
1027
946
995
993
1039
988
1030
1008
1025
981
1011
1037
1023
979
980
995
993
1031
1012
996
997
997
968
1003
989
968
995
998
1040
1020
1046
983
1015
1022
958
969
993
981
1029
992
1000
1024
1029
1003
1032
972
1047
974
1023
974
980
1057
997
1058
1043
989
1021
1011
1058
960
992
989
998
1005
1047
963
962
1039
1007
1005
1034
1007
1018
1027
973
1065
1003
990
1000
968
1006
1009
1030
991
992
1004
979
969
964
1040
966
1021
1024
1046
982
996
970
1023
949
974
972
1073
970
1009
967
995
1011
1033
963
968
934
1001
984
981
1055
1037
962
1063
975
1013
972
1041
953
1013
992
989
1049
1029
987
1023
1009
972
1011
1035
996
992
965
983
1017
975
994
1034
979
987
1027
984
1063
1066
969
1016
982
985
1002
1007
1011
946
1041
975
1006
1013
1014
1051
1004
1026
1007
990
1015
975
1026
1002
1058
1016
1024
1013
1036
991
1044
968
1002
1031
1020
1026
962
982
986
1000
1027
1002
1041
998
1043
926
1042
1041
967
970
1055
1056
1014
1022
1007
1013
1025
1035
1013
982
1010
1008
1018
1041
1035
975
961
935
1005
999
1014
971
979
1010
979
1008
960
1031
989
998
1004
957
1013
953
992
1008
953
958
991
1020
1006
1001
981
972
1056
982
1023
1031
1062
1072
1063
976
999
978
999
999
985
984
982
978
985
1033
1011
980
973
967
1019
1020
986
1055
991
987
955
970
1039
1004
917
1021
1026
1035
980
1044
973
977
1002
1005
1030
1029
990
959
974
1007
1006
1053
1007
1025
1045
955
1026
994
977
960
1033
999
1001
1024
942
992
957
1007
980
1014
988
982
1010
1035
1015
968
1028
1026
986
950
971
983
983
999
1003
994
995
979
949
1031
1001
1046
983
984
992
1002
1014
1039
1037
980
1002
1049
993
1018
1035
996
1020
911
950
1010
1024
964
991
958
981
998
1026
1024
985
999
1010
1041
1012
962
1004
1002
1030
1023
1001
997
992
1010
1037
1028
986
1024
1053
1006
1012
1010
1014
1016
1021
1015
1017
1057
1058
1006
1055
986
1073
979
978
977
997
1037
998
993
1034
993
1009
1035
997
1019
1009
940
1064
1012
1054
973
1000
1023
980
988
1013
1054
1009
990
977
1021
958
978
991
992
979
1000
996
967
930
978
1016
1033
987
995
1033
990
1004
1035
989
966
968
1025
1013
1013
1008
990
1047
968
1048
973
1029
971
966
974
1016
1044
981
1026
1025
1017
1020
1023
1011
931
970
958
966
982
1016
1020
1040
1047
1012
1020
997
997
957
1002
1004
1051
993
976
1016
1030
964
1039
1004
970
998
1010
1007
1021
985
966
1026
985
961
966
972
967
1026
967
989
969
1014
1008
947
1021
1057
944
1039
1017
998
1008
1037
999
968
1022
979
1016
967
948
1029
1024
1003
1007
993
1057
976
982
931
1022
997
1031
985
973
1034
997
1006
973
970
1020
1030
1042
959
1036
1001
1048
1022
1000
998
983
1000
910
1000
1009
966
1005
996
1025
999
966
1023
995
971
1012
1016
985
992
1003
957
1035
1011
1040
1013
999
993
1033
1013
988
983
1005
1002
976
1082
1001
959
997
970
1032
1035
986
998
997
997
983
970
1005
984
952
1003
953
1000
1022
1030
1041
991
1036
1039
1016
991
1022
983
1016
1000
990
983
1036
989
946
978
990
994
1020
991
1001
991
1008
972
999
1007
988
1031
977
1014
1047
1027
997
1035
1021
976
991
986
966
1011
1013
988
980
984
1024
993
992
955
1016
999
927
1004
1032
1038
1022
967
1008
995
988
1035
998
1005
1051
1015
986
984
980
975
1001
985
1055
1005
1009
991
1011
1042
1000
989
1007
1008
1000
953
977
1012
1006
984
1019
962
981
1001
994
1037
989
1001
943
1012
956
1011
974
983
988
1005
929
986
1005
984
1013
998
1018
1018
996
979
999
1032
1031
981
998
991
1025
1009
976
993
1036
969
1015
1010
1017
1016
1032
981
989
1020
1027
994
1011
1006
989
996
999
1028
1048
979
997
1007
983
976
1038
977
1014
985
1002
939
964
997
1040
971
1011
1053
1019
998
1036
1016
1024
1014
980
989
1014
998
1013
995
977
1076
914
1060
1034
1010
1004
1038
964
1001
1016
993
923
1000
987
979
987
1011
981
984
998
980
1001
1019
1018
1050
989
1015
977
1004
1030
1004
959
1006
979
1031
1017
998
1059
998
1006
989
973
990
1006
1004
1031
963
1005
990
1001
1058
1051
1017
1029
999
1046
1029
1007
997
1008
999
966
1002
1013
985
980
1004
1015
980
1051
961
1013
1040
984
1064
999
971
960
986
1039
1007
995
980
1023
1019
1026
970
982
986
1021
981
981
1002
1043
995
1020
1017
1030
974
965
1030
1045
990
986
1025
965
987
991
987
1019
992
1047
912
980
994
1047
993
1051
1023
1008
989
1040
963
947
1004
1030
987
942
1011
980
1012
979
959
1053
990
979
1020
1012
959
1008
949
1010
958
987
988
1016
1009
1019
1043
991
945
995
981
1001
1011
985
998
980
1010
1006
992
1041
967
1020
980
972
1016
1004
1023
1000
984
982
1025
965
936
981
1045
1003
989
944
988
1060
1037
992
971
989
1043
1028
933
989
972
941
1003
977
967
1043
1023
1055
942
1037
982
1027
968
934
969
983
948
995
964
980
967
965
997
977
980
1020
1064
945
979
1018
988
1003
1002
1051
1017
1054
999
944
973
996
971
1013
1021
981
983
1061
1045
1008
997
1027
1006
1051
985
1016
996
972
1039
1000
1013
964
996
1059
1006
968
988
997
989
994
1021
958
1002
991
1099
969
968
1009
985
1013
997
1011
1012
1032
965
1019
997
1031
989
962
979
1009
1032
1017
1009
993
1004
1070
990
1004
984
967
963
973
1009
998
959
997
982
1035
1037
1018
1008
971
1006
1001
995
1008
942
960
1013
1004
971
1000
997
1022
991
991
978
1009
979
1027
933
1011
1001
979
1036
952
947
986
989
1021
991
1047
1056
971
1042
1000
941
1006
998
1004
991
953
1051
1000
1066
1005
1040
986
979
984
986
1013
1048
1018
982
1061
1028
968
983
1003
1010
1037
1000
987
971
1035
1008
1057
977
954
1009
1008
994
963
969
1026
1014
1013
982
983
1004
1048
1002
1035
990
1027
984
1006
994
1033
994
963
994
1006
980
1006
1018
1055
954
915
986
983
1002
1007
943
1029
987
1037
993
1005
994
1026
936
932
996
987
1034
971
992
1015
1006
962
992
977
1029
925
1015
1009
1002
991
982
959
1005
1062
997
995
988
1027
1007
958
1012
1001
1002
990
978
1036
1061
972
997
996
1012
1012
1017
1050
993
1025
1015
1049
1012
1011
1014
991
992
998
1031
978
975
1013
1021
999
992
1009
1013
1036
1014
1040
1004
992
998
982
968
967
961
1071
1011
996
989
1023
979
964
947
979
1002
1023
1000
977
1035
972
1019
1050
943
1003
999
1007
979
991
1029
1018
946
1007
999
1005
1017
1017
998
1009
970
968
1015
1013
1032
1054
989
972
993
1002
1006
1017
1037
1011
1015
999
1035
997
957
985
1012
960
963
1008
1002
944
997
1026
1009
1023
1015
999
1035
945
1036
1003
996
1020
1015
986
1041
1000
1024
978
986
1011
987
970
998
1004
1010
1029
931
1003
996
1041
1019
979
1001
978
995
979
982
982
964
1028
983
955
1023
978
975
999
1002
986
1029
999
1024
984
959
1007
958
1000
1000
991
1030
1010
1018
993
1040
948
994
978
1023
1025
1000
956
980
993
993
945
962
1043
976
952
1021
957
979
1033
1019
1026
1035
1032
982
993
1002
990
1025
973
1018
1019
987
1005
1009
1018
1014
1008
965
985
946
975
997
953
1017
964
1037
993
1038
1037
982
1045
1000
1040
1041
1005
1067
1052
1026
978
1030
1002
988
996
1039
1018
974
983
980
990
990
1001
969
968
985
1020
1032
964
994
971
1023
998
993
971
1032
1010
1028
1044
1006
987
1034
1007
978
1014
996
991
990
983
1004
988
1014
1017
991
1015
1016
1089
964
990
988
941
982
1016
970
984
1029
1030
924
1000
1008
1011
1008
985
1028
957
1010
1020
977
1011
1007
1029
1005
965
990
1019
1019
1003
993
977
961
1026
1021
960
993
947
1010
940
999
1020
1054
975
959
957
1021
970
1007
991
1016
982
1013
992
1044
966
1023
999
1002
952
995
994
994
1020
1066
1016
1001
1007
972
1018
1026
999
1007
1031
993
1009
965
956
984
1017
1038
1021
1020
994
993
987
990
1009
1031
961
1019
1049
997
996
1035
1030
1021
988
986
953
1031
1038
955
1054
1019
990
976
964
1028
991
994
1019
1047
1040
1070
1043
970
1041
1044
977
971
1003
1051
985
1039
1036
992
987
1001
995
947
969
1022
984
997
1008
997
1007
1023
1035
962
978
1015
1060
1022
958
942
1004
1011
970
1007
997
1006
962
1006
977
1000
998
999
1023
918
995
989
1040
1018
994
964
1017
980
940
989
1000
1001
1005
999
1059
976
1001
1039
985
971
967
1024
1024
998
1001
1006
1034
1037
1026
1001
1012
1025
978
957
970
1024
999
1019
978
978
937
1003
1030
1000
996
951
1041
984
978
1008
959
971
1013
1036
987
1013
1078
940
989
1019
1020
1005
1006
1004
996
1035
1006
958
959
1008
996
1029
995
992
975
1007
955
985
983
1010
972
1016
979
991
1000
1015
1002
993
995
1012
984
976
992
990
1007
997
976
958
972
996
983
985
1032
1009
1035
938
983
1007
1040
979
931
997
1004
1021
1019
1014
937
986
995
1011
983
1036
1042
1012
1027
996
1024
1028
968
995
996
997
992
1009
957
995
990
1036
1043
1017
970
981
1029
1000
1015
1009
1030
1003
963
975
1013
999
989
1060
1055
991
1011
990
980
987
1022
959
971
986
1019
961
958
998
1005
998
997
964
1014
982
1009
967
995
1015
997
963
1045
1000
952
1003
1023
954
997
1006
1018
1026
1044
995
1042
1028
1034
1029
1024
974
960
961
1022
1026
1012
980
1041
936
976
989
1008
1000
969
999
1049
992
978
982
1000
966
994
1033
961
1021
1066
999
1001
999
1027
992
1064
1029
1009
986
1034
1015
983
1039
951
981
976
1044
981
982
1001
1001
973
1008
1060
1008
1020
990
987
1041
1018
1015
1001
953
1033
974
1035
1020
1010
940
997
1016
1000
1015
1043
1048
1005
971
1012
974
999
1080
963
1018
1000
1029
1006
1070
1023
992
1035
1008
988
1008
1024
986
1002
952
1033
989
1017
1003
1018
1046
981
985
1054
995
1030
1014
955
988
982
1008
1018
1014
967
1086
968
1030
1005
989
953
990
1001
1002
973
998
977
1020
972
1010
1006
954
994
975
974
1031
975
1019
1066
999
973
984
938
988
1006
987
1006
1053
951
998
955
1047
1015
972
951
1013
994
984
1014
1046
980
1047
994
1046
1015
996
1002
1043
1038
970
986
967
1016
973
939
1045
998
982
1007
1004
1017
1007
968
989
965
975
942
960
978
948
961
965
1061
944
945
1023
980
974
1012
1025
983
1013
971
1036
1062
986
985
979
989
1048
1019
978
1007
991
951
992
985
990
1059
982
979
1049
1013
1023
1020
1016
995
932
984
938
996
1013
959
1019
961
1000
1045
955
999
1004
998
972
1008
1005
959
977
1045
1015
1037
1029
1043
964
1008
1018
991
964
1039
1010
995
1010
1000
1014
1000
944
965
1016
1026
971
975
1015
1023
982
1020
1038
1008
1004
969
985
958
987
1027
1044
1034
979
1039
1009
1032
954
1022
976
1013
979
1036
1009
995
1044
1022
1058
1021
994
965
1016
1003
968
1010
1024
982
1009
994
986
1016
979
1021
1006
1040
984
1022
1034
998
990
1041
1010
949
998
1005
945
995
973
960
1037
1042
994
1025
1030
987
1025
1036
986
977
985
1046
1009
1040
965
988
970
954
984
967
986
1016
1022
1001
993
990
1009
972
989
993
992
987
972
1030
1028
1028
997
985
1067
959
995
1021
1011
987
1017
985
1013
1020
962
1013
1036
1014
1030
1002
982
1002
999
980
1001
1054
1015
980
965
962
994
966
956
965
974
1030
960
1000
953
958
969
1010
1011
1015
968
1016
1047
1021
1018
941
985
996
1001
960
1001
1004
996
965
1011
1012
1009
1024
1010
1001
1011
958
988
1025
978
988
990
994
951
955
1014
1018
968
993
1016
1037
998
1004
1020
998
1033
966
998
1016
1039
974
1009
1027
1011
1015
954
988
997
951
1001
986
960
988
1062
1044
973
1026
1046
1023
1006
951
1035
957
1018
951
1021
993
996
1006
990
1011
1014
1069
975
980
973
1021
991
967
1006
979
1017
994
1024
1037
1015
994
996
1032
1072
1000
997
993
1024
1050
1016
971
1032
1004
938
998
979
1000
992
1002
997
960
987
1019
974
987
972
1039
995
975
996
1000
1012
1015
993
999
1018
1005
1034
1003
1038
990
1013
997
1008
977
965
982
1030
1014
965
1015
1021
966
967
1015
1027
965
978
1006
991
1022
1011
965
1029
999
1024
1020
1001
1005
1015
933
974
977
965
1023
1001
1019
981
1023
994
977
979
989
998
984
998
951
987
1046
1008
977
1008
984
1003
970
1027
989
959
993
981
1056
1050
1017
963
1001
991
993
945
1026
991
1048
997
1037
974
1014
983
1035
963
978
978
1000
1013
994
1068
966
1005
1004
1026
1017
999
981
975
1053
995
998
1044
988
1005
978
1011
984
942
954
1039
980
1000
1050
993
1038
971
992
967
1029
1017
1025
1011
989
972
987
1038
983
971
1008
1020
987
1030
1018
966
1039
975
1018
1017
1009
1033
1006
1012
1030
960
1012
958
978
984
1036
1003
967
1056
995
964
994
1020
1021
958
1051
971
1023
949
1028
1007
969
1008
982
998
975
1003
1000
990
978
1023
1011
951
1002
1025
1060
1013
970
979
1004
965
1007
1007
971
1010
952
970
1050
1024
964
997
1073
1033
1003
992
973
1028
1035
1015
998
986
1038
999
975
1014
981
998
1012
1037
987
996
975
1029
1015
943
982
987
1012
1014
1005
942
1031
999
1004
1024
1032
972
991
975
993
995
999
995
995
1033
994
923
983
966
991
1042
1012
985
966
1018
1032
994
996
994
1051
966
1023
998
967
1020
984
988
1014
998
1014
967
1085
966
980
1053
1043
967
1049
1003
1004
988
990
1062
980
1002
998
972
1041
1036
993
979
1041
1033
1001
965
978
944
966
1007
987
934
996
1024
983
987
989
1053
1026
1033
990
977
908
984
955
986
998
991
1017
955
1032
1011
1029
1007
1015
1041
979
966
985
1005
1009
1016
993
1020
1037
1006
996
1048
1013
996
971
1033
968
987
1011
947
990
930
1004
975
971
1033
990
996
1004
989
1059
1005
1024
978
1016
1027
1002
1039
1016
990
987
975
1039
1017
965
1043
1037
982
1031
1042
1050
993
1041
957
1039
988
1028
994
1036
1023
997
1018
987
1013
1000
998
1006
1100
1000
980
1040
993
1001
1021
1012
973
995
968
987
1007
1014
956
1014
988
953
998
999
972
1022
1010
900
996
1010
965
966
996
996
940
1018
947
1005
977
991
1004
1036
983
1049
959
986
1025
1023
1048
990
1000
995
989
1011
1019
948
987
978
993
1011
1010
1040
1024
1002
1028
940
995
999
1000
1020
1008
1015
1021
1000
1019
994
1004
1003
954
969
1005
1033
1006
973
955
996
1067
1049
988
1002
974
1008
1051
978
1042
1030
999
972
967
1002
1031
1004
999
1001
990
963
979
1001
1008
963
1038
1011
965
965
1016
994
966
936
968
1018
983
991
984
1005
999
1060
1012
1022
986
999
990
1022
987
1025
986
965
992
1026
986
1031
1014
975
1060
970
1021
1009
984
997
1045
1041
1022
1064
973
993
990
1026
966
984
995
1008
975
1000
990
983
1017
996
1004
987
1049
1046
1052
1038
969
984
979
1013
971
953
977
990
1010
938
964
1032
1016
1021
969
970
1030
983
991
993
1032
1014
1006
992
1043
1038
958
1024
1007
994
996
978
1035
969
972
1017
976
989
979
949
1025
1003
1024
963
1009
1007
1004
998
1034
960
1077
970
969
1056
989
1002
1035
1007
989
1012
1032
978
1011
997
992
1031
1046
1016
981
989
1009
1018
979
995
1000
1023
1009
1014
996
977
1018
1003
1017
990
1008
997
984
1052
993
1048
1020
966
985
1061
938
1048
963
991
1010
1000
1009
990
1028
1059
1048
1028
995
1021
974
1059
960
1045
1021
983
1041
967
1020
977
986
978
995
977
1008
998
1009
1063
979
992
1012
1030
995
1005
1042
1044
1017
986
989
1015
963
1000
1029
1016
981
971
967
1008
977
980
1000
956
1012
997
1010
1018
1029
952
987
1006
967
1014
1031
982
963
1013
951
985
942
940
972
977
1005
1004
1040
1027
1008
1023
1008
994
933
1021
997
978
1050
1005
994
1015
1057
1027
933
965
1041
1007
1027
1046
1042
1016
1024
978
982
972
1011
1021
1008
1022
955
996
987
979
983
943
1029
983
979
959
969
1022
1030
986
997
1013
962
962
987
958
936
1016
1020
985
1036
1011
1044
1025
1002
985
1006
1043
975
1014
983
1020
950
1019
1041
994
1028
993
988
990
968
984
1057
1034
1014
1008
1005
1055
959
1041
1029
999
973
980
1047
1039
1040
996
1062
1014
943
944
1013
996
972
1008
984
941
967
1030
999
974
982
991
998
995
1012
1089
1007
998
971
995
961
1021
1028
1013
1015
928
979
997
1002
1041
997
1000
1018
1036
1015
975
981
1020
939
1008
977
973
953
966
977
985
1002
1073
945
1010
998
1032
993
1002
980
1059
1008
991
1003
970
996
1049
952
993
1012
1009
952
997
931
986
1055
1050
1023
980
1014
984
997
997
1036
965
1018
996
1015
1001
1056
998
1002
1046
953
970
1019
1004
993
1021
984
1054
1005
956
1018
975
982
1004
962
1023
1069
1050
951
948
1002
999
1002
984
1032
1022
960
987
1009
1010
965
1080
1024
984
989
989
1035
960
1015
978
1030
990
986
1025
1033
977
979
1001
1003
985
957
1029
986
1006
982
937
996
997
981
1019
975
1023
1026
1025
980
996
1025
1007
988
1006
1046
988
931
990
1025
992
1032
995
1025
989
984
1036
999
995
993
994
949
1005
999
1025
1065
1013
969
983
995
1047
999
978
1013
969
993
990
969
993
980
1013
981
1022
1014
979
1020
987
1032
1046
977
941
995
1033
1038
962
1025
959
960
1009
1014
1022
1065
984
1001
1019
1026
1015
1011
1077
1007
998
999
1031
973
971
1003
973
980
1012
1039
971
1012
1017
1031
994
1024
1036
981
972
990
984
1007
1031
983
1015
999
1035
978
957
1047
1015
1039
983
1000
1018
987
949
970
957
930
988
1016
1012
1006
992
1036
1042
1049
967
997
1038
993
1013
998
1027
991
959
967
1006
1003
1030
1033
985
998
991
1027
968
1032
1021
1009
1018
1006
999
1013
974
1000
933
982
962
1015
998
1021
986
1015
991
984
1002
1027
996
990
1042
1020
1042
1001
1014
1038
972
999
981
990
1001
1003
964
976
1010
1009
1062
958
1020
1027
960
991
1028
928
958
980
1002
996
1055
1001
989
1023
1011
977
999
1060
1019
1013
1002
943
978
1061
976
1014
1001
996
977
958
1023
1006
987
1021
1052
1000
984
986
985
1011
1018
1005
934
1003
972
1012
996
1020
981
999
992
962
995
994
998
1040
993
1006
1026
1016
1011
1003
956
958
1011
943
1030
1019
1034
972
1009
1065
1029
1025
1001
968
998
969
994
985
1005
1007
992
1003
989
988
945
988
990
1036
970
1012
1032
1005
1030
1070
981
1033
998
957
997
992
1039
1040
1015
984
996
1000
1016
980
1014
969
986
989
1015
1041
1010
994
1028
1011
948
1035
968
1018
976
1017
1028
1023
1003
1041
1001
955
947
967
986
1036
1006
988
996
1007
1048
995
1040
998
986
995
973
1018
998
955
999
987
990
1043
1000
1011
972
1001
1042
1028
993
1036
1028
934
980
938
963
1060
1012
963
961
979
979
986
983
987
997
1010
1063
1059
971
972
973
1003
1037
968
975
1007
999
1019
955
1021
1035
1017
991
968
1059
973
1057
1004
996
966
967
990
1001
1032
1019
990
995
980
1022
980
1032
989
978
972
972
1008
1005
981
1014
974
935
983
1009
983
949
1003
1006
1044
999
990
1004
1012
1026
1057
998
1037
942
943
985
979
1030
975
1080
950
996
1006
984
1011
1012
1029
1026
988
1039
999
987
980
916
990
972
1022
1005
978
977
960
951
1008
983
1019
1001
1037
983
1028
981
990
1025
1030
1036
1014
990
1001
1032
983
1015
1055
992
1012
971
972
957
993
982
1040
1005
961
1048
989
932
1009
1003
974
1009
963
1044
1013
988
1049
1023
1036
999
971
962
1002
1037
1003
981
976
1011
980
1021
1029
976
1007
1031
917
1007
987
983
987
987
1018
1026
957
931
964
1012
1014
1009
1029
994
957
1001
1031
1031
1011
994
970
1017
973
1033
1017
1012
1007
993
978
998
997
1003
996
972
991
1017
963
995
1041
1019
977
954
971
1021
1022
977
945
1036
978
1001
977
1002
1045
1034
1031
999
989
1009
996
1010
1022
998
1006
985
999
1111
1007
1004
973
999
1038
1007
978
1033
1056
997
994
994
1005
1005
1015
979
980
1045
1025
955
1018
971
1023
1002
1009
999
1027
996
989
1015
1021
977
1010
1030
996
978
947
1035
1010
980
985
999
1009
1049
993
991
1007
990
1019
976
1042
1010
1004
1013
1050
1051
945
986
989
1017
964
989
958
1014
1007
982
1016
1001
1032
984
977
977
973
977
956
1047
1019
999
940
1050
1026
981
1025
1006
1029
1015
1022
1003
956
985
986
1034
984
966
1005
1008
963
1014
959
977
973
992
1009
1024
981
982
1003
1031
988
1016
948
1001
986
994
994
1002
989
984
1015
983
1023
995
1022
1033
1014
1013
948
982
955
1025
976
1065
990
973
1060
965
1018
970
1012
981
1037
1014
996
997
1057
989
1007
1013
983
999
1029
1013
1032
1009
1054
1007
999
1019
967
990
1056
994
1041
1032
1058
1020
953
948
1044
977
1032
972
977
1003
996
1075
988
989
977
989
996
993
990
976
976
1012
990
1013
1018
994
1005
989
1055
1022
1013
991
1032
983
984
981
988
1006
1012
1009
1025
1015
945
1004
1071
1032
1055
929
993
1003
979
993
1024
1001
973
1016
966
959
1010
996
1040
998
992
989
1028
1009
1011
994
951
1020
979
1000
967
996
970
955
995
1018
1006
978
1033
952
982
961
1003
926
974
1018
939
1040
1011
998
1011
1012
1036
1040
1005
984
1021
1034
1000
1028
1019
1016
985
1017
1074
1030
926
967
958
1022
1011
969
1000
1002
993
1028
1000
999
1003
1042
1005
1014
970
1040
930
974
1011
1002
1000
991
989
1006
1025
1033
959
984
973
1002
978
1025
1018
925
980
1020
982
976
978
973
991
1035
1003
962
963
994
987
994
1010
992
974
1003
1014
1025
974
1016
1005
987
952
1004
1020
982
1066
979
1025
973
982
1005
961
974
1030
980
983
939
1011
988
1040
975
1012
962
969
1025
1012
977
969
1046
1013
966
1049
959
970
982
1024
1035
1044
969
981
1000
1004
988
1013
991
1008
965
993
963
1063
993
1004
988
996
1018
1022
1049
966
1004
965
986
976
976
1043
1003
999
1008
1006
1024
973
973
1016
1009
960
1003
999
1036
1006
992
1007
993
997
993
1048
963
974
1014
1003
1032
998
1043
966
997
1047
970
994
999
1003
1012
1000
1028
1018
1015
1045
995
1063
1009
984
1048
998
984
985
1008
982
1016
1018
981
1042
986
974
996
997
977
1011
1017
976
988
947
996
1008
976
988
952
995
980
1048
966
1038
978
979
967
1008
991
936
986
999
931
934
973
957
1010
965
1015
960
988
931
996
1027
1002
971
1014
988
1022
1055
991
959
1036
1027
1055
981
982
1019
1015
1006
1004
978
986
965
